1111111111000
1111111101000
1111111011000
1111111001000
1111110111000
1111110101001
1111110011001
1111110001001
1111101111010
1111101101010
1111101011011
1111101001011
1111100111100
1111100101100
1111100011101
1111100001110
1111011111110
1111011101111
1111011100000
1111011010001
1111011000010
1111010110011
1111010100100
1111010010101
1111010000110
1111001110111
1111001101000
1111001011001
1111001001010
1111000111100
1111000101101
1111000011110
1111000010000
1111000000001
1110111110011
1110111100100
1110111010110
1110111000111
1110110111001
1110110101011
1110110011101
1110110001110
1110110000000
1110101110010
1110101100100
1110101010110
1110101001000
1110100111010
1110100101100
1110100011110
1110100010000
1110100000010
1110011110100
1110011100111
1110011011001
1110011001011
1110010111110
1110010110000
1110010100011
1110010010101
1110010001000
1110001111010
1110001101101
1110001011111
1110001010010
1110001000101
1110000110111
1110000101010
1110000011101
1110000010000
1110000000011
1101111110110
1101111101001
1101111011011
1101111001111
1101111000010
1101110110101
1101110101000
1101110011011
1101110001110
1101110000001
1101101110101
1101101101000
1101101011011
1101101001111
1101101000010
1101100110110
1101100101001
1101100011100
1101100010000
1101100000100
1101011110111
1101011101011
1101011011111
1101011010010
1101011000110
1101010111010
1101010101110
1101010100001
1101010010101
1101010001001
1101001111101
1101001110001
1101001100101
1101001011001
1101001001101
1101001000001
1101000110101
1101000101010
1101000011110
1101000010010
1101000000110
1100111111010
1100111101111
1100111100011
1100111010111
1100111001100
1100111000000
1100110110101
1100110101001
1100110011110
1100110010010
1100110000111
1100101111100
1100101110000
1100101100101
1100101011010
1100101001110
1100101000011
1100100111000
1100100101101
1100100100010
1100100010110
1100100001011
1100100000000
1100011110101
1100011101010
1100011011111
1100011010100
1100011001001
1100010111110
1100010110100
1100010101001
1100010011110
1100010010011
1100010001000
1100001111110
1100001110011
1100001101000
1100001011110
1100001010011
1100001001000
1100000111110
1100000110011
1100000101001
1100000011110
1100000010100
1100000001010
1011111111111
1011111110101
1011111101010
1011111100000
1011111010110
1011111001011
1011111000001
1011110110111
1011110101101
1011110100011
1011110011001
1011110001110
1011110000100
1011101111010
1011101110000
1011101100110
1011101011100
1011101010010
1011101001000
1011100111110
1011100110100
1011100101011
1011100100001
1011100010111
1011100001101
1011100000011
1011011111010
1011011110000
1011011100110
1011011011101
1011011010011
1011011001001
1011011000000
1011010110110
1011010101101
1011010100011
1011010011001
1011010010000
1011010000111
1011001111101
1011001110100
1011001101010
1011001100001
1011001011000
1011001001110
1011001000101
1011000111100
1011000110010
1011000101001
1011000100000
1011000010111
1011000001110
1011000000100
1010111111011
1010111110010
1010111101001
1010111100000
1010111010111
1010111001110
1010111000101
1010110111100
1010110110011
1010110101010
1010110100001
1010110011000
1010110010000
1010110000111
1010101111110
1010101110101
1010101101100
1010101100100
1010101011011
1010101010010
1010101001001
1010101000001
1010100111000
1010100110000
1010100100111
1010100011110
1010100010110
1010100001101
1010100000101
1010011111100
1010011110100
1010011101011
1010011100011
1010011011010
1010011010010
1010011001010
1010011000001
1010010111001
1010010110001
1010010101000
1010010100000
1010010011000
1010010001111
1010010000111
1010001111111
1010001110111
1010001101111
1010001100110
1010001011110
1010001010110
1010001001110
1010001000110
1010000111110
1010000110110
1010000101110
1010000100110
1010000011110
1010000010110
1010000001110
1010000000110
1001111111110
1001111110110
1001111101111
1001111100111
1001111011111
1001111010111
1001111001111
1001111000111
1001111000000
1001110111000
1001110110000
1001110101000
1001110100001
1001110011001
1001110010001
1001110001010
1001110000010
1001101111010
1001101110011
1001101101011
1001101100100
1001101011100
1001101010101
1001101001101
1001101000110
1001100111110
1001100110111
1001100101111
1001100101000
1001100100000
1001100011001
1001100010010
1001100001011
1001100000011
1001011111100
1001011110100
1001011101101
1001011100110
1001011011111
1001011010111
1001011010000
1001011001001
1001011000010
1001010111011
1001010110011
1001010101100
1001010100101
1001010011110
1001010010111
1001010010000
1001010001001
1001010000010
1001001111011
1001001110100
1001001101101
1001001100110
1001001011111
1001001011000
1001001010001
1001001001010
1001001000011
1001000111100
1001000110101
1001000101110
1001000101000
1001000100001
1001000011010
1001000010011
1001000001100
1001000000110
1000111111111
1000111111000
1000111110001
1000111101011
1000111100100
1000111011101
1000111010111
1000111010000
1000111001001
1000111000011
1000110111100
1000110110110
1000110101111
1000110101001
1000110100010
1000110011011
1000110010101
1000110001110
1000110001000
1000110000001
1000101111011
1000101110100
1000101101110
1000101101000
1000101100001
1000101011011
1000101010100
1000101001110
1000101001000
1000101000010
1000100111011
1000100110101
1000100101110
1000100101000
1000100100010
1000100011011
1000100010101
1000100001111
1000100001001
1000100000011
1000011111101
1000011110110
1000011110000
1000011101010
1000011100100
1000011011110
1000011011000
1000011010001
1000011001011
1000011000110
1000010111111
1000010111001
1000010110011
1000010101110
1000010100111
1000010100001
1000010011011
1000010010101
1000010001111
1000010001001
1000010000011
1000001111101
1000001110111
1000001110001
1000001101100
1000001100110
1000001100000
1000001011010
1000001010100
1000001001110
1000001001001
1000001000010
1000000111101
1000000110111
1000000110001
1000000101100
1000000100101
1000000100000
1000000011010
1000000010101
1000000001111
1000000001001
1000000000100
0111111111111
0111111111000
0111111110011
0111111101101
0111111101000
0111111100010
0111111011100
0111111010110
0111111010010
0111111001100
0111111000110
0111111000001
0111110111011
0111110110110
0111110110001
0111110101011
0111110100101
0111110100000
0111110011010
0111110010101
0111110001111
0111110001010
0111110000100
0111101111111
0111101111010
0111101110100
0111101101111
0111101101010
0111101100100
0111101011110
0111101011010
0111101010100
0111101001111
0111101001010
0111101000100
0111101000000
0111100111001
0111100110101
0111100101111
0111100101010
0111100100101
0111100100000
0111100011011
0111100010101
0111100010000
0111100001011
0111100000110
0111100000001
0111011111100
0111011110111
0111011110001
0111011101100
0111011100111
0111011100010
0111011011100
0111011010111
0111011010010
0111011001110
0111011001001
0111011000100
0111010111110
0111010111010
0111010110101
0111010110000
0111010101100
0111010100110
0111010100001
0111010011100
0111010010111
0111010010010
0111010001101
0111010001000
0111010000100
0111001111111
0111001111010
0111001110101
0111001110000
0111001101011
0111001100110
0111001100010
0111001011100
0111001011000
0111001010011
0111001001110
0111001001010
0111001000101
0111001000001
0111000111011
0111000110111
0111000110010
0111000101101
0111000101000
0111000100100
0111000011111
0111000011010
0111000010110
0111000010010
0111000001101
0111000001000
0111000000011
0110111111110
0110111111010
0110111110101
0110111110001
0110111101100
0110111101000
0110111100011
0110111011111
0110111011010
0110111010101
0110111010000
0110111001100
0110111001000
0110111000011
0110110111110
0110110111010
0110110110101
0110110110000
0110110101100
0110110101001
0110110100100
0110110011111
0110110011010
0110110010111
0110110010001
0110110001101
0110110001001
0110110000101
0110110000000
0110101111100
0110101110111
0110101110011
0110101110000
0110101101010
0110101100110
0110101100010
0110101011101
0110101011010
0110101010100
0110101010000
0110101001011
0110101000111
0110101000100
0110100111111
0110100111011
0110100110111
0110100110011
0110100101110
0110100101010
0110100100110
0110100100010
0110100011110
0110100011001
0110100010101
0110100010010
0110100001101
0110100001001
0110100000100
0110100000000
0110011111100
0110011111001
0110011110011
0110011110000
0110011101100
0110011101000
0110011100100
0110011011111
0110011011011
0110011010111
0110011010011
0110011001111
0110011001011
0110011000111
0110011000011
0110011000000
0110010111100
0110010110110
0110010110100
0110010101111
0110010101100
0110010101000
0110010100100
0110010011111
0110010011011
0110010010111
0110010010100
0110010001111
0110010001011
0110010000111
0110010000100
0110010000000
0110001111100
0110001111001
0110001110100
0110001110000
0110001101011
0110001101000
0110001100011
0110001100001
0110001011101
0110001011000
0110001010110
0110001010001
0110001001101
0110001001010
0110001000110
0110001000010
0110000111110
0110000111010
0110000110111
0110000110010
0110000101111
0110000101011
0110000101000
0110000100100
0110000100000
0110000011100
0110000011000
0110000010101
0110000010010
0110000001110
0110000001010
0110000000110
0110000000011
0101111111111
0101111111011
0101111111000
0101111110100
0101111110000
0101111101101
0101111101010
0101111100101
0101111100010
0101111011110
0101111011010
0101111010111
0101111010011
0101111010000
0101111001100
0101111001000
0101111000101
0101111000001
0101110111111
0101110111001
0101110110111
0101110110011
0101110110000
0101110101101
0101110101001
0101110100101
0101110100011
0101110011110
0101110011011
0101110010111
0101110010100
0101110010001
0101110001101
0101110001001
0101110000110
0101110000010
0101101111111
0101101111011
0101101111000
0101101110100
0101101110001
0101101101110
0101101101010
0101101100111
0101101100011
0101101100001
0101101011101
0101101011001
0101101010111
0101101010011
0101101001110
0101101001101
0101101001000
0101101000101
0101101000010
0101100111110
0101100111100
0101100110111
0101100110100
0101100110001
0101100101110
0101100101010
0101100100110
0101100100011
0101100100001
0101100011101
0101100011011
0101100010110
0101100010100
0101100010000
0101100001100
0101100001010
0101100000111
0101100000100
0101100000000
0101011111101
0101011111010
0101011110110
0101011110100
0101011110000
0101011101101
0101011101011
0101011100111
0101011100010
0101011100000
0101011011101
0101011011010
0101011011000
0101011010100
0101011010001
0101011001101
0101011001011
0101011000110
0101011000101
0101011000001
0101010111110
0101010111011
0101010110111
0101010110100
0101010110010
0101010101110
0101010101011
0101010101000
0101010100101
0101010100001
0101010011111
0101010011101
0101010011001
0101010010110
0101010010011
0101010010001
0101010001110
0101010001001
0101010000110
0101010000011
0101010000000
0101001111101
0101001111010
0101001111000
0101001110011
0101001110001
0101001101110
0101001101011
0101001101001
0101001100110
0101001100100
0101001011111
0101001011101
0101001011011
0101001010111
0101001010011
0101001010010
0101001001111
0101001001100
0101001001000
0101001000101
0101001000010
0101000111110
0101000111110
0101000111010
0101000111000
0101000110100
0101000110001
0101000101110
0101000101010
0101000101000
0101000100110
0101000100011
0101000100000
0101000011100
0101000011011
0101000010111
0101000010100
0101000010010
0101000001110
0101000001101
0101000001010
0101000000101
0101000000101
0101000000001
0100111111111
0100111111011
0100111110111
0100111110111
0100111110011
0100111110000
0100111101100
0100111101100
0100111101000
0100111100110
0100111100010
0100111100000
0100111011110
0100111011001
0100111010111
0100111010101
0100111010011
0100111001110
0100111001100
0100111001011
0100111000111
0100111000101
0100111000010
0100111000000
0100110111101
0100110111011
0100110110111
0100110110011
0100110110010
0100110101110
0100110101100
0100110101010
0100110101000
0100110100101
0100110100001
0100110011111
0100110011101
0100110011010
0100110011000
0100110010100
0100110010010
0100110001111
0100110001101
0100110001011
0100110000111
0100110000110
0100110000001
0100110000001
0100101111101
0100101111011
0100101111000
0100101110100
0100101110010
0100101110001
0100101101111
0100101101011
0100101101001
0100101100111
0100101100011
0100101100010
0100101011111
0100101011100
0100101011001
0100101010111
0100101010100
0100101010011
0100101001110
0100101001110
0100101001010
0100101001000
0100101000101
0100101000011
0100101000000
0100100111110
0100100111011
0100100111010
0100100110101
0100100110011
0100100110001
0100100101111
0100100101011
0100100101010
0100100101000
0100100100110
0100100100100
0100100100000
0100100011111
0100100011010
0100100011001
0100100010111
0100100010100
0100100010001
0100100010000
0100100001101
0100100001010
0100100001000
0100100000111
0100100000010
0100100000000
0100011111111
0100011111101
0100011111011
0100011111000
0100011110101
0100011110010
0100011101111
0100011101101
0100011101100
0100011101001
0100011100111
0100011100110
0100011100010
0100011100000
0100011011101
0100011011011
0100011011001
0100011010111
0100011010100
0100011010010
0100011010001
0100011001101
0100011001100
0100011001001
0100011000110
0100011000100
0100011000010
0100010111111
0100010111110
0100010111011
0100010111010
0100010110101
0100010110101
0100010110001
0100010110000
0100010101110
0100010101011
0100010101001
0100010100111
0100010100100
0100010100010
0100010100000
0100010011111
0100010011011
0100010011010
0100010011000
0100010010101
0100010010010
0100010010001
0100010001101
0100010001101
0100010001010
0100010001000
0100010000101
0100010000010
0100010000001
0100010000000
0100001111011
0100001111010
0100001111000
0100001110110
0100001110011
0100001110010
0100001110000
0100001101101
0100001101100
0100001101010
0100001100111
0100001100101
0100001100010
0100001100000
0100001011110
0100001011101
0100001011010
0100001010111
0100001010110
0100001010011
0100001010001
0100001010000
0100001001101
0100001001011
0100001001001
0100001001000
0100001000101
0100001000100
0100001000000
0100000111110
0100000111100
0100000111011
0100000111001
0100000110110
0100000110100
0100000110001
0100000101111
0100000101110
0100000101101
0100000101010
0100000101000
0100000100110
0100000100011
0100000100001
0100000100000
0100000011100
0100000011011
0100000011010
0100000011000
0100000010101
0100000010100
0100000010010
0100000001111
0100000001101
0100000001011
0100000001001
0100000000111
0100000000101
0100000000011
0100000000000

