00001011110000000000000000000001
00001000001000000000000000001010
00001011111000000000000000100100
00001011110111100000000000000001
00100011110111110000000000000000
00001011110111100000000000000001
00100011110000100000000000000000
00001011110111100000000000000001
00100011110000110000000000000000
00001000010000000000000000000001
01000000001000100000000000010001
01000000001000000000000000010000
00010000001000010000000000000001
00001000010000010000000000000000
00001011111000000000000000010000
01000000000000001111111111110011
00001000011000010000000000000000
00010000001000100000000000000001
00001011111000000000000000010100
01000000000000001111111111101111
00000100001000010001100000000000
00100111110000110000000000000000
00010011110111100000000000000001
00100111110000100000000000000000
00010011110111100000000000000001
00100111110111110000000000000000
00010011110111100000000000000001
01001011111000000000000000000000
00001000001000000000000000000001
00100111110000110000000000000000
00010011110111100000000000000001
00100111110000100000000000000000
00010011110111100000000000000001
00100111110111110000000000000000
00010011110111100000000000000001
01001011111000000000000000000000
10000000001000000000000000000000
10000100000000000000000000000000
